reason:0.4
ignored:0.25
sane:0.25
homo:0.25
future:0.25
second:0.25
times:0.25
such:0.25
trend:0.25
whatsoever:0.16666667
looking:0.16666667
down:0.16666667
listening:0.16666667
thank:0.12878788
past:0.125
left:0.125
selfish:0.125
doing:0.125
point:0.125
as:0.083333336
dead:0.083333336
grateful:0.083333336
making:0.083333336
eternally:0.083333336
thanks:0.083333336
matter:0.083333336
too:0.083333336
man:0.083333336
feeling:0.083333336
true:0.083333336
sucks:0.083333336
gracie:0.083333336
religious:0.083333336
long:0.083333336
thin:0.083333336
leaving:0.083333336
rough:0.083333336
indulging:0.083333336
sad:0.083333336
said:0.083333336
repay:0.083333336
being:0.06944445
there:0.0625
into:0.0625
mom:0.0625
best:0.055555556
getting:0.041666668
there's:0.041666668
mother:0.041666668
always:0.037037037
it's:0.03125
been:0.027777778
am:0.027777778
how:0.027777778
forgive:0.027777778
those:0.027777778
me:0.023809524
no:0.023809524
enough:0.020833334
you:0.017460318
do:0.016666668
good:0.016666668
just:0.016666668
on:0.013888889
the:0.011904762
my:0.010869565
much:0.010416667
out:0.010416667
and:0.00952381
so:0.009259259
to:0.007751938
sorry:0.0069444445
are:0.0064102565
be:0.004385965
i:0.0042735045
a:0.004166667
in:0.004166667
that:0.0036231885
i'm:0.0034722222
for:0.0027777778